0.9454802870750427246093750
0.7818773388862609863281250
0.9219235181808471679687500
0.9844920635223388671875000
1.0185647010803222656250000
0.9194110035896301269531250
0.7176717519760131835937500
0.8658885955810546875000000
0.9182980060577392578125000
0.8726127743721008300781250
0.8510416150093078613281250
0.9491598606109619140625000
0.9780111312866210937500000
0.9595732092857360839843750
0.9423720240592956542968750
1.0022280216217041015625000
1.0236191749572753906250000
0.9026587009429931640625000
0.9565949440002441406250000
0.9413011074066162109375000
0.8773517012596130371093750
0.9405079483985900878906250
0.6539704203605651855468750
0.9192747473716735839843750
0.9296215176582336425781250
0.9104969501495361328125000
0.9148235917091369628906250
0.8653784394264221191406250
1.0188479423522949218750000
0.8720229864120483398437500
0.9584839940071105957031250
0.8890500664710998535156250
0.8573282957077026367187500
0.9088311195373535156250000
0.9560397267341613769531250
0.8574539422988891601562500
0.9051687717437744140625000
0.9237533211708068847656250
0.8710488677024841308593750
0.9425745606422424316406250
0.8220784664154052734375000
0.9670260548591613769531250
0.6512900590896606445312500
0.9659506678581237792968750
1.0339713096618652343750000
0.9078684449195861816406250
0.9579668045043945312500000
1.0143501758575439453125000
0.9447267651557922363281250
0.8327462673187255859375000
0.9154685735702514648437500
1.0100332498550415039062500
0.8931398987770080566406250
0.9829878211021423339843750
0.7534634470939636230468750
0.8313137292861938476562500
0.9049037098884582519531250
0.8337985277175903320312500
1.0094341039657592773437500
0.8826035857200622558593750
0.9289654493331909179687500
0.9586176872253417968750000
0.9118388891220092773437500
0.9919427633285522460937500
0.9340900778770446777343750
1.0112990140914916992187500
0.9368598461151123046875000
0.9639853239059448242187500
0.6510639190673828125000000
0.9807650446891784667968750
0.7529054284095764160156250
0.9319037795066833496093750
0.9069689512252807617187500
0.7911148667335510253906250
1.0110875368118286132812500
0.9142543077468872070312500
0.9480071663856506347656250
0.7965949177742004394531250
0.8777632713317871093750000
0.9902717471122741699218750
0.8725793361663818359375000
0.9283373951911926269531250
0.9851305484771728515625000
0.9199269413948059082031250
0.9502556324005126953125000
0.9606914520263671875000000
0.7284599542617797851562500
0.9090400934219360351562500
0.8826568126678466796875000
0.9539577960968017578125000
0.9376058578491210937500000
1.0738971233367919921875000
0.9195341467857360839843750
1.0020853281021118164062500
1.0599436759948730468750000
0.9344292283058166503906250
0.9934836030006408691406250
0.9064339995384216308593750
0.8555466532707214355468750
0.9708582758903503417968750
1.0148886442184448242187500
0.9764389991760253906250000
0.8693996071815490722656250
0.9617299437522888183593750
0.8279841542243957519531250
0.9330802559852600097656250
0.9881922006607055664062500
0.9619871377944946289062500
0.8033331632614135742187500
1.0120223760604858398437500
0.8045193552970886230468750
0.9336958527565002441406250
0.9314751625061035156250000
0.9410325884819030761718750
1.0055327415466308593750000
0.9652119278907775878906250
0.8770381212234497070312500
0.9159368276596069335937500
0.9089664220809936523437500
0.8257521390914916992187500
0.8892048597335815429687500
0.9043861031532287597656250
0.8160503506660461425781250
0.7271874547004699707031250
0.9221942424774169921875000
0.8077213764190673828125000
0.9115918278694152832031250
0.9728571772575378417968750
0.8629297018051147460937500
0.9326146245002746582031250
0.9031583070755004882812500
0.9183505773544311523437500
0.9049047827720642089843750
0.8664598464965820312500000
0.9577732682228088378906250
0.8787636756896972656250000
0.9362288713455200195312500
0.9209563136100769042968750
0.9109293818473815917968750
0.8450844883918762207031250
0.9489474892616271972656250
0.8121282458305358886718750
0.8868148326873779296875000
0.9208309054374694824218750
0.9115183353424072265625000
0.9861065149307250976562500
0.8391155004501342773437500
1.0043836832046508789062500
0.4424441456794738769531250
0.9228048920631408691406250
0.9714963436126708984375000
0.8702257871627807617187500
0.9370052218437194824218750
0.8818162679672241210937500
1.0156514644622802734375000
0.9762799739837646484375000
0.8976368904113769531250000
0.8309237957000732421875000
0.8458051681518554687500000
0.9495593309402465820312500
0.7499092817306518554687500
0.8636899590492248535156250
0.9450863599777221679687500
0.9619014859199523925781250
0.9359208941459655761718750
0.8675808310508728027343750
0.9304998517036437988281250
0.9114558696746826171875000
0.9412769675254821777343750
0.9512549042701721191406250
0.8672707080841064453125000
0.9205362200736999511718750
0.9371056556701660156250000
0.9352264404296875000000000
0.8510060906410217285156250
0.8547014594078063964843750
0.7133328914642333984375000
0.8890990018844604492187500
0.9092482924461364746093750
1.0371489524841308593750000
0.9570448398590087890625000
0.9334506988525390625000000
0.9395257830619812011718750
0.9648271203041076660156250
1.0064108371734619140625000
0.7588065266609191894531250
0.9137306213378906250000000
0.9384639859199523925781250
0.7670179605484008789062500
0.9170637726783752441406250
0.8326129317283630371093750
0.8369742631912231445312500
0.9501886367797851562500000
0.9048959016799926757812500
0.7846638560295104980468750
0.9282861948013305664062500
1.0312107801437377929687500
0.9341633915901184082031250
0.9026734232902526855468750
0.8835163116455078125000000
0.9493288397789001464843750
0.9405811429023742675781250
0.8925070762634277343750000
0.8464936017990112304687500
0.9511011838912963867187500
0.9274144768714904785156250
0.9212890863418579101562500
1.0091816186904907226562500
0.9612590074539184570312500
0.8956534266471862792968750
0.9185236096382141113281250
0.9294958114624023437500000
0.9733411669731140136718750
0.9303429126739501953125000
0.9613419175148010253906250
0.9688201546669006347656250
0.9398323893547058105468750
0.9628326892852783203125000
0.8493956327438354492187500
0.9321771860122680664062500
0.7929564118385314941406250
0.9599186182022094726562500
0.9223571419715881347656250
1.0218986272811889648437500
0.9047076106071472167968750
0.9219314455986022949218750
0.7252617478370666503906250
0.9550983309745788574218750
0.8918375372886657714843750
0.9577248096466064453125000
0.8754153251647949218750000
1.0151023864746093750000000
0.9490492939949035644531250
0.6961808800697326660156250
0.8888531923294067382812500
0.9296121597290039062500000
0.9601845145225524902343750
0.9489743113517761230468750
0.2478507310152053833007812
0.9986928105354309082031250
0.9694070816040039062500000
0.4715974032878875732421875
0.7140407562255859375000000
0.8990626335144042968750000
0.9512407779693603515625000
0.8785517215728759765625000
0.8750928044319152832031250
0.8865066766738891601562500
0.9015965461730957031250000
1.0069493055343627929687500
0.9256494641304016113281250
0.9670482277870178222656250
0.9148492217063903808593750
0.9848731756210327148437500
0.8506907820701599121093750
0.9480167031288146972656250
0.9411619305610656738281250
0.9918227195739746093750000
0.8649037480354309082031250
0.9238660335540771484375000
0.8070774078369140625000000
0.8305463194847106933593750
0.9195500612258911132812500
0.9021517038345336914062500
0.9579849243164062500000000
0.8838507533073425292968750
0.8132247924804687500000000
0.8860874176025390625000000
1.0225281715393066406250000
0.9253428578376770019531250
0.8990164399147033691406250
0.9618397355079650878906250
0.9420638680458068847656250
0.9373898506164550781250000
0.8283833861351013183593750
0.9694916605949401855468750
0.9132835268974304199218750
0.8318414688110351562500000
0.8742841482162475585937500
0.8822746276855468750000000
0.9119484424591064453125000
0.8964418768882751464843750
0.9138154387474060058593750
0.9411291480064392089843750
0.9493710398674011230468750
0.9206116199493408203125000
0.9292317628860473632812500
0.8085775375366210937500000
0.9266244173049926757812500
0.7297924160957336425781250
0.7222903966903686523437500
0.9662202000617980957031250
0.9705443978309631347656250
0.9265366792678833007812500
1.0166317224502563476562500
0.9168350696563720703125000
0.9443756341934204101562500
0.8880867362022399902343750
0.9861760139465332031250000
0.9212173223495483398437500
1.0090897083282470703125000
0.8579543828964233398437500
0.7275716662406921386718750
0.8801389336585998535156250
0.9264147281646728515625000
0.9966211915016174316406250
0.9311889410018920898437500
0.9775678515434265136718750
1.0057158470153808593750000
0.4717566072940826416015625
0.9391070008277893066406250
0.7974078655242919921875000
0.7494933009147644042968750
0.7850592136383056640625000
0.9495741128921508789062500
0.9522727131843566894531250
1.0147655010223388671875000
0.7749768495559692382812500
0.9626551866531372070312500
0.8707844614982604980468750
0.9831914305686950683593750
0.9431824684143066406250000
1.0302406549453735351562500
0.4678646326065063476562500
0.7140080928802490234375000
0.8915269374847412109375000
0.9396179318428039550781250
0.8486258983612060546875000
0.6319244503974914550781250
0.8947269916534423828125000
0.9680218100547790527343750
0.9217090606689453125000000
0.9505995512008666992187500
0.9004371762275695800781250
0.9976535439491271972656250
0.7883280515670776367187500
0.9523791074752807617187500
0.9300685524940490722656250
0.9484010338783264160156250
0.9343878030776977539062500
0.8549478054046630859375000
0.8358376026153564453125000
0.9289196133613586425781250
0.8221260309219360351562500
0.9183911085128784179687500
1.0023022890090942382812500
0.8420325517654418945312500
0.8977488875389099121093750
0.9539331197738647460937500
0.9725714325904846191406250
0.9398059248924255371093750
0.9352225065231323242187500
0.9841224551200866699218750
0.8819898962974548339843750
0.9294480681419372558593750
0.9700731635093688964843750
0.9425199031829833984375000
0.8484708070755004882812500
0.4122297763824462890625000
0.8486141562461853027343750
0.9301285743713378906250000
0.9053164720535278320312500
0.9789881110191345214843750
0.9284378290176391601562500
0.8770397305488586425781250
0.8926961421966552734375000
0.8061987161636352539062500
0.9367614388465881347656250
0.9912587404251098632812500
0.9318103790283203125000000
0.9194017648696899414062500
1.0100100040435791015625000
0.9427394270896911621093750
0.9365159273147583007812500
0.9393537640571594238281250
0.8860827684402465820312500
0.7474950551986694335937500
0.9923906922340393066406250
0.9338266849517822265625000
0.8943607807159423828125000
0.8410758376121520996093750
0.7064599990844726562500000
1.0321173667907714843750000
0.9521296024322509765625000
