1.2771737575531005859375000
2.0407209396362304687500000
-1.2614645957946777343750000
0.3733725547790527343750000
-1.7312929630279541015625000
-1.4794582128524780273437500
2.0015521049499511718750000
-3.6555175781250000000000000
0.1694965362548828125000000
2.4009954929351806640625000
-3.4325346946716308593750000
2.2532284259796142578125000
2.7467017173767089843750000
1.6158385276794433593750000
-2.4197134971618652343750000
1.3350510597229003906250000
4.2120666503906250000000000
0.1783280372619628906250000
-0.4483642578125000000000000
-0.4332374334335327148437500
4.1115012168884277343750000
-1.3054809570312500000000000
-3.7238140106201171875000000
-2.9838151931762695312500000
-1.8417174816131591796875000
1.2912902832031250000000000
-0.0529608130455017089843750
-1.3328514099121093750000000
-0.5231553316116333007812500
3.3454775810241699218750000
1.6016266345977783203125000
1.6667175292968750000000000
2.1313738822937011718750000
1.0732116699218750000000000
2.7991795539855957031250000
-0.2856318950653076171875000
-1.0905890464782714843750000
-1.4686279296875000000000000
0.2046968340873718261718750
0.4266682863235473632812500
3.5270519256591796875000000
3.1815695762634277343750000
0.0357971191406250000000000
-0.3433837890625000000000000
1.3940534591674804687500000
-1.5398294925689697265625000
-0.6582042574882507324218750
5.0506010055541992187500000
0.4522740840911865234375000
0.2776635289192199707031250
-0.8626098632812500000000000
-2.4331321716308593750000000
-0.8602021932601928710937500
-2.3432259559631347656250000
-1.8007035255432128906250000
3.2099571228027343750000000
-0.5019960403442382812500000
-0.0475863218307495117187500
2.5217590332031250000000000
1.2882263660430908203125000
-2.4071044921875000000000000
0.0118685960769653320312500
-1.2570723295211791992187500
-0.1741267442703247070312500
-0.2784118652343750000000000
-1.2529475688934326171875000
-0.1190285980701446533203125
3.3998456001281738281250000
4.1499938964843750000000000
5.5392484664916992187500000
1.4874877929687500000000000
0.3896476030349731445312500
2.5803222656250000000000000
1.7590513229370117187500000
-1.1093139648437500000000000
1.0184810161590576171875000
2.0958485603332519531250000
1.8850183486938476562500000
-1.1176452636718750000000000
0.2337668538093566894531250
3.4601314067840576171875000
0.3823938369750976562500000
-0.2904973030090332031250000
-1.1875799894332885742187500
1.3413769006729125976562500
-4.0595245361328125000000000
1.3229732513427734375000000
-1.4073338508605957031250000
2.4336776733398437500000000
-0.6917114257812500000000000
-2.2264370918273925781250000
7.3915119171142578125000000
-6.3719558715820312500000000
-0.4904890060424804687500000
3.0079503059387207031250000
0.6584209799766540527343750
1.9078626632690429687500000
-3.4451904296875000000000000
-2.1973543167114257812500000
-1.1236782073974609375000000
-0.8176879882812500000000000
-0.5049823522567749023437500
-2.3267822265625000000000000
0.8419189453125000000000000
-3.2354156970977783203125000
0.0393905639648437500000000
-1.9185757637023925781250000
-1.0565409660339355468750000
-0.7870849370956420898437500
1.7579727172851562500000000
-3.4982049465179443359375000
0.1377563476562500000000000
-2.5275726318359375000000000
-2.7322387695312500000000000
0.9111934304237365722656250
1.8244575262069702148437500
-1.2351074218750000000000000
-0.3700155019760131835937500
3.1016860008239746093750000
-4.6334261894226074218750000
-2.0218930244445800781250000
-0.6317877173423767089843750
-0.5904902219772338867187500
0.3504496812820434570312500
0.4650597572326660156250000
1.6631593704223632812500000
3.3933715820312500000000000
-1.1827843189239501953125000
-2.5610961914062500000000000
-1.5101094245910644531250000
-2.6444396972656250000000000
5.5028982162475585937500000
-0.3434031009674072265625000
0.6742858886718750000000000
2.1884937286376953125000000
-2.2973937988281250000000000
-0.8808122873306274414062500
-2.0276517868041992187500000
-3.3806867599487304687500000
-0.7914359569549560546875000
2.5429077148437500000000000
-3.0700931549072265625000000
0.1990720629692077636718750
-1.5627636909484863281250000
-0.4108674526214599609375000
0.4294239282608032226562500
-0.2997218370437622070312500
-3.5421142578125000000000000
-11.7890148162841796875000000
-3.0313203334808349609375000
6.2673034667968750000000000
1.0055420398712158203125000
-0.9616978168487548828125000
-1.6847573518753051757812500
-2.9220581054687500000000000
0.6150344610214233398437500
-0.5744826793670654296875000
-4.7665815353393554687500000
1.6416772603988647460937500
-3.6795654296875000000000000
-2.3958129882812500000000000
-0.5702931880950927734375000
-2.7329561710357666015625000
0.8965457677841186523437500
-4.3552417755126953125000000
4.9256772994995117187500000
-0.1890375614166259765625000
0.4071044921875000000000000
-0.0001730918884277343750000
0.8985972404479980468750000
-0.0764160156250000000000000
-5.7489953041076660156250000
-1.5497304201126098632812500
4.4924030303955078125000000
-1.3130651712417602539062500
-0.1196057796478271484375000
1.4681496620178222656250000
-1.3408601284027099609375000
-0.7708636522293090820312500
2.6247558593750000000000000
0.4800821542739868164062500
-0.6072244644165039062500000
-3.1558792591094970703125000
-1.3278799057006835937500000
-2.1682758331298828125000000
-4.3500661849975585937500000
-1.8442813158035278320312500
-1.9411621093750000000000000
1.9700775146484375000000000
1.7933068275451660156250000
-1.8141444921493530273437500
-0.9582973718643188476562500
-2.6062026023864746093750000
-0.3671767711639404296875000
-1.7103650569915771484375000
0.9421081542968750000000000
3.9148836135864257812500000
-3.2911996841430664062500000
-1.3647170066833496093750000
-4.9031982421875000000000000
-2.3253386020660400390625000
0.5602833032608032226562500
-3.0161280632019042968750000
-0.5572994947433471679687500
-3.7412900924682617187500000
-0.6406106948852539062500000
2.4689016342163085937500000
0.6887378692626953125000000
-0.7866706848144531250000000
-2.1692123413085937500000000
0.4563194513320922851562500
-2.8532471656799316406250000
5.5170288085937500000000000
-0.2754314541816711425781250
-4.2167968750000000000000000
-0.1061606407165527343750000
2.7339816093444824218750000
1.2706964015960693359375000
0.7204273343086242675781250
-0.2954887151718139648437500
3.8767502307891845703125000
-1.5157470703125000000000000
-6.1989698410034179687500000
0.7254892587661743164062500
1.4890749454498291015625000
-6.1313323974609375000000000
-0.9325778484344482421875000
-2.5906982421875000000000000
-0.2815446853637695312500000
-3.0021553039550781250000000
-1.1303596496582031250000000
-0.6733545064926147460937500
-3.4273614883422851562500000
2.4852066040039062500000000
-1.4123535156250000000000000
-1.5775998830795288085937500
-1.0685706138610839843750000
1.3765478134155273437500000
-14.1848840713500976562500000
-0.9458171129226684570312500
3.6840128898620605468750000
10.0419921875000000000000000
-13.7195615768432617187500000
0.6613292098045349121093750
-3.5315690040588378906250000
1.6755580902099609375000000
-4.3042755126953125000000000
-2.8770222663879394531250000
0.2980637550354003906250000
1.1660127639770507812500000
0.6769409179687500000000000
5.0139665603637695312500000
2.6941490173339843750000000
2.4181475639343261718750000
0.6261072158813476562500000
-3.4076023101806640625000000
-2.4892711639404296875000000
1.7318363189697265625000000
-7.9691467285156250000000000
4.0703592300415039062500000
1.1980603933334350585937500
-0.7309989929199218750000000
2.7706260681152343750000000
3.1888346672058105468750000
0.6674354076385498046875000
0.4262695312500000000000000
-5.2583103179931640625000000
0.6535433530807495117187500
4.8944087028503417968750000
3.3125138282775878906250000
-2.1292724609375000000000000
-0.8154771327972412109375000
-0.5011965036392211914062500
0.3796713352203369140625000
-3.0119628906250000000000000
1.4736838340759277343750000
0.6807711124420166015625000
-2.4844856262207031250000000
-0.4421372413635253906250000
-1.0108709335327148437500000
0.5604858398437500000000000
-1.0358228683471679687500000
4.4593329429626464843750000
1.3860354423522949218750000
1.2662315368652343750000000
-4.5649027824401855468750000
3.0507779121398925781250000
-1.5406042337417602539062500
0.8700289726257324218750000
10.1517858505249023437500000
-0.7469248771667480468750000
1.3238525390625000000000000
-0.7049291729927062988281250
3.4947071075439453125000000
-1.6133139133453369140625000
-3.8332481384277343750000000
-1.1037445068359375000000000
2.1037871837615966796875000
0.5872634649276733398437500
-3.3359375000000000000000000
3.8731727600097656250000000
0.3515136241912841796875000
-1.9246842861175537109375000
0.0434570312500000000000000
-3.1872322559356689453125000
-1.3657302856445312500000000
0.1298162937164306640625000
-2.6059510707855224609375000
0.3407247066497802734375000
14.6089878082275390625000000
-0.9409179687500000000000000
-10.1483345031738281250000000
7.7595214843750000000000000
0.1438729763031005859375000
-2.9073688983917236328125000
-3.2866210937500000000000000
2.4277172088623046875000000
-2.4055857658386230468750000
-4.6439046859741210937500000
-4.3083896636962890625000000
0.4490952491760253906250000
3.2500729560852050781250000
-1.2360458374023437500000000
-8.6459751129150390625000000
-4.9162621498107910156250000
0.0583190917968750000000000
2.6418170928955078125000000
-0.1965332031250000000000000
-3.7705774307250976562500000
0.6504931449890136718750000
-2.0099334716796875000000000
-0.9148559570312500000000000
-2.2367372512817382812500000
1.2327895164489746093750000
-2.0821228027343750000000000
-1.8556874990463256835937500
2.7793512344360351562500000
-0.6305551528930664062500000
-2.4378280639648437500000000
0.3560431003570556640625000
0.5741615295410156250000000
-3.7631545066833496093750000
2.1435241699218750000000000
-3.3097581863403320312500000
-2.0972306728363037109375000
0.1198425292968750000000000
-0.8541713953018188476562500
2.8659894466400146484375000
-1.6461943387985229492187500
1.9361267089843750000000000
3.2178039550781250000000000
-1.2941064834594726562500000
2.6885070800781250000000000
-0.4199676513671875000000000
-4.9937744140625000000000000
-3.7132296562194824218750000
-1.0442513227462768554687500
1.2413969039916992187500000
7.6643648147583007812500000
-1.7854025363922119140625000
2.1619143486022949218750000
-1.5856404304504394531250000
-1.9707984924316406250000000
0.5603027343750000000000000
1.2363383769989013671875000
-0.8517020940780639648437500
4.1590528488159179687500000
0.3245443105697631835937500
2.3011474609375000000000000
0.5080828666687011718750000
-1.0200610160827636718750000
-2.3598275184631347656250000
0.1044194102287292480468750
1.8387150764465332031250000
-0.2062873840332031250000000
-2.0969285964965820312500000
2.4866833686828613281250000
-2.0817351341247558593750000
3.5886230468750000000000000
-1.1433808803558349609375000
0.2262276411056518554687500
-2.5523376464843750000000000
0.7391958236694335937500000
3.6182394027709960937500000
