10
16
-10
3
-14
-12
16
-29
1
19
-27
18
22
13
-19
11
34
1
-4
-3
33
-10
-30
-24
-15
10
0
-11
-4
27
13
13
17
9
22
-2
-9
-12
2
3
28
25
0
-3
11
-12
-5
40
4
2
-7
-19
-7
-19
-14
26
-4
0
20
10
-19
0
-10
-1
-2
-10
-1
27
33
44
12
3
21
14
-9
8
17
15
-9
2
28
3
-2
-10
11
-32
11
-11
19
-6
-18
59
-51
-4
24
5
15
-28
-18
-9
-7
-4
-19
7
-26
0
-15
-8
-6
14
-28
1
-20
-22
7
15
-10
-3
25
-37
-16
-5
-5
3
4
13
27
-9
-20
-12
-21
44
-3
5
18
-18
-7
-16
-27
-6
20
-25
2
-13
-3
3
-2
-28
-94
-24
50
8
-8
-13
-23
5
-5
-38
13
-29
-19
-5
-22
7
-35
39
-2
3
0
7
-1
-46
-12
36
-11
-1
12
-11
-6
21
4
-5
-25
-11
-17
-35
-15
-16
16
14
-15
-8
-21
-3
-14
8
31
-26
-11
-39
-19
4
-24
-4
-30
-5
20
6
-6
-17
4
-23
44
-2
-34
-1
22
10
6
-2
31
-12
-50
6
12
-49
-7
-21
-2
-24
-9
-5
-27
20
-11
-13
-9
11
-113
-8
29
80
-110
5
-28
13
-34
-23
2
9
5
40
22
19
5
-27
-20
14
-64
33
10
-6
22
26
5
3
-42
5
39
27
-17
-7
-4
3
-24
12
5
-20
-4
-8
4
-8
36
11
10
-37
24
-12
7
81
-6
11
-6
28
-13
-31
-9
17
5
-27
31
3
-15
0
-25
-11
1
-21
3
117
-8
-81
62
1
-23
-26
19
-19
-37
-34
4
26
-10
-69
-39
0
21
-2
-30
5
-16
-7
-18
10
-17
-15
22
-5
-20
3
5
-30
17
-26
-17
1
-7
23
-13
15
26
-10
22
-3
-40
-30
-8
10
61
-14
17
-13
-16
4
10
-7
33
3
18
4
-8
-19
1
15
-2
-17
20
-17
29
-9
2
-20
6
29
