8
11
-8
X
-13
6
0
0
1
15
-21
15
19
-117
8
-54
31
1
-3
-3
26
8
-16
8
-12
8
0
-9
-4
-107
-114
-52
13
7
19
-2
-7
22
10
2
21
22
0
-3
10
-10
0
1
3
1
-6
-17
-6
-17
-4
4
-3
0
18
8
-16
-128
-12
19
-2
-9
-1
23
19
7
-104
-41
17
10
-8
7
14
11
8
2
22
2
-2
-8
9
4
-103
2
15
-5
-15
56
-42
-20
7
-43
13
-23
-14
-8
-6
-4
21
4
-19
0
-13
-7
-4
-115
-16
4
-17
-18
6
13
-8
14
-116
1
-13
-4
-4
2
3
-119
20
-27
-15
-10
-17
36
-2
4
22
-16
-6
-13
-22
-5
17
14
14
-16
-2
3
-2
-25
-37
-20
0
-43
-7
-10
-21
4
-4
-28
12
6
-13
-4
-18
6
-29
-114
10
-57
0
6
-1
-38
-10
30
-4
2
8
-9
-5
20
3
28
-8
-9
-15
-24
-12
-13
11
-116
-23
-10
-18
-2
-10
7
29
10
-11
-16
-16
3
-19
-3
-26
-20
-108
-63
-5
-14
3
-19
38
-2
16
5
18
9
5
-2
22
-10
-61
-43
10
-40
-5
-18
-2
-21
-43
5
-23
12
-9
-11
-8
-119
-7
-7
25
34
-70
4
-24
10
-27
-7
2
8
4
35
18
1
-124
-20
-17
12
-50
27
7
28
4
-63
4
2
-30
4
36
-106
18
21
-3
3
-18
10
4
17
-16
-6
3
-6
30
9
8
-30
-100
-14
6
53
-4
10
-5
-121
20
-9
-8
14
4
-22
28
2
-12
-60
-21
-10
1
-18
3
2
-12
0
42
1
-20
-22
17
51
-8
-58
4
22
-9
-29
-25
-128
-128
-26
-17
4
-14
-6
-15
8
16
-12
19
-4
-17
2
4
10
-112
-11
-14
1
-5
18
-11
-115
14
-19
19
-2
-33
-26
-7
8
22
-16
14
-10
-14
3
8
10
20
-43
16
3
-7
-17
1
-115
24
3
13
-15
24
-7
2
3
-98
-48
