0.527343750000000
0.699218750000000
-0.515625000000000
0.165039062500000
-0.796875000000000
-0.613281250000000
0.644531250000000
-1.406250000000000
0.051269531250000
0.921875000000000
-1.289062500000000
0.957031250000000
1.203125000000000
0.699218750000000
-1.000000000000000
0.613281250000000
1.945312500000000
0.050537109375000
-0.213867187500000
-0.158203125000000
1.625000000000000
-0.527343750000000
-1.093750000000000
-1.226562500000000
-0.777343750000000
0.511718750000000
0.000000000000000
-0.535156250000000
-0.227539062500000
1.312500000000000
0.695312500000000
0.644531250000000
0.812500000000000
0.457031250000000
1.171875000000000
-0.096191406250000
-0.455078125000000
-0.617187500000000
0.097167968750000
0.158203125000000
1.289062500000000
1.359375000000000
0.000000000000000
-0.161132812500000
0.636718750000000
-0.609375000000000
-0.267578125000000
2.265625000000000
0.210937500000000
0.093261718750000
-0.357421875000000
-1.070312500000000
-0.349609375000000
-1.046875000000000
-0.589843750000000
1.210937500000000
-0.203125000000000
0.000000000000000
1.125000000000000
0.492187500000000
-0.984375000000000
0.000000000000000
-0.511718750000000
-0.055419921875000
-0.104492187500000
-0.562500000000000
-0.052490234375000
1.453125000000000
1.203125000000000
2.421875000000000
0.507812500000000
0.156250000000000
1.062500000000000
0.621093750000000
-0.507812500000000
0.408203125000000
0.902343750000000
0.667968750000000
-0.441406250000000
0.110839843750000
1.359375000000000
0.155273437500000
-0.109863281250000
-0.515625000000000
0.582031250000000
-1.718750000000000
0.447265625000000
-0.558593750000000
0.937500000000000
-0.320312500000000
-0.945312500000000
3.531250000000000
-2.609375000000000
-0.223632812500000
1.421875000000000
0.259765625000000
0.832031250000000
-1.421875000000000
-0.859375000000000
-0.488281250000000
-0.398437500000000
-0.218750000000000
-0.921875000000000
0.375000000000000
-1.203125000000000
0.000000000000000
-0.828125000000000
-0.429687500000000
-0.269531250000000
0.796875000000000
-1.257812500000000
0.052246093750000
-1.039062500000000
-1.156250000000000
0.394531250000000
0.812500000000000
-0.492187500000000
-0.153320312500000
1.273437500000000
-1.703125000000000
-0.796875000000000
-0.253906250000000
-0.228515625000000
0.122070312500000
0.206054687500000
0.585937500000000
1.375000000000000
-0.488281250000000
-0.964843750000000
-0.625000000000000
-1.062500000000000
2.265625000000000
-0.152343750000000
0.243164062500000
0.964843750000000
-0.882812500000000
-0.367187500000000
-0.824218750000000
-1.375000000000000
-0.283203125000000
1.062500000000000
-1.132812500000000
0.099121093750000
-0.671875000000000
-0.153320312500000
0.165039062500000
-0.093750000000000
-1.578125000000000
-2.328125000000000
-1.234375000000000
2.718750000000000
0.388671875000000
-0.419921875000000
-0.644531250000000
-1.304687500000000
0.273437500000000
-0.251953125000000
-1.765625000000000
0.613281250000000
-1.539062500000000
-0.796875000000000
-0.241210937500000
-1.156250000000000
0.375000000000000
-1.828125000000000
1.890625000000000
-0.104003906250000
0.153320312500000
0.000000000000000
0.373046875000000
-0.048583984375000
-2.375000000000000
-0.628906250000000
1.875000000000000
-0.523437500000000
-0.047851562500000
0.478515625000000
-0.546875000000000
-0.306640625000000
1.226562500000000
0.213867187500000
-0.259765625000000
-1.312500000000000
-0.593750000000000
-0.957031250000000
-1.484375000000000
-0.765625000000000
-0.839843750000000
0.683593750000000
0.718750000000000
-0.699218750000000
-0.373046875000000
-1.109375000000000
-0.152343750000000
-0.613281250000000
0.416015625000000
1.789062500000000
-1.359375000000000
-0.554687500000000
-1.929687500000000
-1.007812500000000
0.210937500000000
-1.195312500000000
-0.189453125000000
-1.593750000000000
-0.257812500000000
1.031250000000000
0.339843750000000
-0.322265625000000
-0.847656250000000
0.205078125000000
-1.195312500000000
2.390625000000000
-0.104003906250000
-1.828125000000000
-0.054199218750000
1.156250000000000
0.539062500000000
0.285156250000000
-0.104492187500000
1.375000000000000
-0.644531250000000
-2.578125000000000
0.341796875000000
0.609375000000000
-2.531250000000000
-0.285156250000000
-1.125000000000000
-0.099609375000000
-1.289062500000000
-0.439453125000000
-0.283203125000000
-1.429687500000000
0.777343750000000
-0.546875000000000
-0.675781250000000
-0.482421875000000
0.582031250000000
-1.562500000000000
-0.447265625000000
1.570312500000000
2.109375000000000
-4.375000000000000
0.251953125000000
-1.492187500000000
0.640625000000000
-1.664062500000000
-1.140625000000000
0.101074218750000
0.507812500000000
0.257812500000000
2.171875000000000
1.125000000000000
1.046875000000000
0.237304687500000
-1.429687500000000
-1.054687500000000
0.777343750000000
-3.093750000000000
1.703125000000000
0.451171875000000
-0.279296875000000
1.132812500000000
1.312500000000000
0.267578125000000
0.148437500000000
-1.898437500000000
0.248046875000000
2.234375000000000
1.398437500000000
-0.851562500000000
-0.375000000000000
-0.210937500000000
0.157226562500000
-1.109375000000000
0.648437500000000
0.255859375000000
-0.929687500000000
-0.195312500000000
-0.394531250000000
0.203125000000000
-0.400390625000000
1.843750000000000
0.578125000000000
0.531250000000000
-1.898437500000000
1.242187500000000
-0.542968750000000
0.361328125000000
3.312500000000000
-0.243164062500000
0.593750000000000
-0.324218750000000
1.445312500000000
-0.738281250000000
-1.593750000000000
-0.474609375000000
0.843750000000000
0.275390625000000
-1.390625000000000
1.750000000000000
0.144531250000000
-0.609375000000000
0.000000000000000
-1.289062500000000
-0.613281250000000
0.052001953125000
-1.148437500000000
0.169921875000000
3.093750000000000
-0.419921875000000
-3.609375000000000
2.593750000000000
0.043945312500000
-1.226562500000000
-1.382812500000000
1.078125000000000
-0.820312500000000
-1.984375000000000
-1.656250000000000
0.219726562500000
1.367187500000000
-0.578125000000000
-1.804687500000000
-1.554687500000000
0.000000000000000
1.101562500000000
-0.094726562500000
-1.062500000000000
0.250000000000000
-0.867187500000000
-0.359375000000000
-0.957031250000000
0.503906250000000
-0.945312500000000
-0.660156250000000
1.171875000000000
-0.259765625000000
-1.062500000000000
0.156250000000000
0.239257812500000
-1.406250000000000
0.882812500000000
-1.195312500000000
-0.875000000000000
0.055908203125000
-0.330078125000000
1.156250000000000
-0.691406250000000
0.812500000000000
1.367187500000000
-0.519531250000000
1.210937500000000
-0.148437500000000
-2.078125000000000
-1.625000000000000
-0.421875000000000
0.474609375000000
1.406250000000000
-0.664062500000000
0.882812500000000
-0.656250000000000
-0.878906250000000
0.208007812500000
0.492187500000000
-0.349609375000000
1.484375000000000
0.157226562500000
1.000000000000000
0.208984375000000
-0.410156250000000
-1.070312500000000
0.052734375000000
0.785156250000000
-0.104980468750000
-0.843750000000000
0.835937500000000
-0.945312500000000
1.515625000000000
-0.451171875000000
0.093750000000000
-0.789062500000000
0.345703125000000
1.546875000000000
