ITER_NUM: 0
-29
43
-7
22
-47
30
-14
38
-44
33
-19
41
-37
25
-9
46
-12
35
-25
41
-33
18
-37
28
-40
44
-50
17
-10
46
-24
38
-31
22
-6
48
-27
33
-15
37
-44
29
-17
40
-13
25
-35
42
-8
46
-16
39
-13
32
-26
20
-34
41
-31
24
-9
47
-27
36
-36
43
-31
17
-25
44
-8
38
-31
21
-14
35
-43
28
-17
39
-32
25
-23
46
-37
6
-35
44
-21
30
-27
18
-19
47
-10
40
-34
12
-25
49
-8
42
-36
29
-29
33
-21
46
-18
38
-32
14
-35
46
-23
41
-29
25
-17
44
-9
48
-18
37
-11
33
-23
46
-36
13
-28
44
-22
35
-31
17
-13
47
-8
42
-26
38
-24
45
-35
24
-16
49
-11
40
-28
32
-15
43
-32
29
-22
48
-27
38
-10
44
-23
42
-14
46
-32
24
-6
47
-27
39
-12
36
-17
41
-23
49
-18
42
-31
23
-14
45
-35
32
-26
49
-12
40
-30
24
-19
47
-13
43
-34
27
-11
45
-36
23
-26
46
-15
38
-34
32
-17
43
-23
38
-9
49
-36
13
-19
47
-28
42
-24
47
-31
25
-19
44
-17
40
-13
49
-9
44
-30
23
-22
43
-10
47
-29
39
-17
46
-21
38
-20
43
-8
49
-21
38
-34
45
-28
36
-15
49
-19
40
-26
33
-31
29
-17
43
-10
43
-29
38
-24
48
-15
45
-27
32
-10
48
-34
24
-16
46
-11
45
-30
31
-13
47
-23
37
-14
50
-8
43
-28
41
-21
37
-10
48
-25
46
-16
39
-28
42
-24
40
-11
48
-10
44
-28
36
-32
25
-11
47
-18
45
-31
29
-25
45
-19
42
-7
48
-37
14
-25
42
-13
39
-32
30
-17
44
-8
46
-29
40
-14
48
-18
43
-35
24
-13
37
-17
49
-8
43
-27
31
-21
39
-10
47
-28
30
-7
49
-36
32
-28
26
-20
46
-13
42
-37
24
-14
47
-28
34
-12
48
-36
24
-30
32
-15
49
ITER_NUM: 1
-28
44
-6
23
-46
31
-13
39
-43
34
-18
42
-36
26
-8
47
-11
36
-24
42
-32
19
-36
29
-39
45
-49
18
-9
47
-23
39
-30
23
-5
49
-26
34
-14
38
-43
30
-16
41
-12
26
-34
43
-7
47
-15
40
-12
33
-25
21
-33
42
-30
25
-8
48
-26
37
-35
44
-30
18
-24
45
-7
39
-30
22
-13
36
-42
29
-16
40
-31
26
-22
47
-36
7
-34
45
-20
31
-26
19
-18
48
-9
41
-33
13
-24
50
-7
43
-35
30
-28
34
-20
47
-17
39
-31
15
-34
47
-22
42
-28
26
-16
45
-8
49
-17
38
-10
34
-22
47
-35
14
-27
45
-21
36
-30
18
-12
48
-7
43
-25
39
-23
46
-34
25
-15
50
-10
41
-27
33
-14
44
-31
30
-21
49
-26
39
-9
45
-22
43
-13
47
-31
25
-5
48
-26
40
-11
37
-16
42
-22
50
-17
43
-30
24
-13
46
-34
33
-25
50
-11
41
-29
25
-18
48
-12
44
-33
28
-10
46
-35
24
-25
47
-14
39
-33
33
-16
44
-22
39
-8
50
-35
14
-18
48
-27
43
-23
48
-30
26
-18
45
-16
41
-12
50
-8
45
-29
24
-21
44
-9
48
-28
40
-16
47
-20
39
-19
44
-7
50
-20
39
-33
46
-27
37
-14
50
-18
41
-25
34
-30
30
-16
44
-9
44
-28
39
-23
49
-14
46
-26
33
-9
49
-33
25
-15
47
-10
46
-29
32
-12
48
-22
38
-13
51
-7
44
-27
42
-20
38
-9
49
-24
47
-15
40
-27
43
-23
41
-10
49
-9
45
-27
37
-31
26
-10
48
-17
46
-30
30
-24
46
-18
43
-6
49
-36
15
-24
43
-12
40
-31
31
-16
45
-7
47
-28
41
-13
49
-17
44
-34
25
-12
38
-16
50
-7
44
-26
32
-20
40
-9
48
-27
31
-6
50
-35
33
-27
27
-19
47
-12
43
-36
25
-13
48
-27
35
-11
49
-35
25
-29
33
-14
50
ITER_NUM: 2
-27
45
-5
24
-45
32
-12
40
-42
35
-17
43
-35
27
-7
48
-10
37
-23
43
-31
20
-35
30
-38
46
-48
19
-8
48
-22
40
-29
24
-4
50
-25
35
-13
39
-42
31
-15
42
-11
27
-33
44
-6
48
-14
41
-11
34
-24
22
-32
43
-29
26
-7
49
-25
38
-34
45
-29
19
-23
46
-6
40
-29
23
-12
37
-41
30
-15
41
-30
27
-21
48
-35
8
-33
46
-19
32
-25
20
-17
49
-8
42
-32
14
-23
51
-6
44
-34
31
-27
35
-19
48
-16
40
-30
16
-33
48
-21
43
-27
27
-15
46
-7
50
-16
39
-9
35
-21
48
-34
15
-26
46
-20
37
-29
19
-11
49
-6
44
-24
40
-22
47
-33
26
-14
51
-9
42
-26
34
-13
45
-30
31
-20
50
-25
40
-8
46
-21
44
-12
48
-30
26
-4
49
-25
41
-10
38
-15
43
-21
51
-16
44
-29
25
-12
47
-33
34
-24
51
-10
42
-28
26
-17
49
-11
45
-32
29
-9
47
-34
25
-24
48
-13
40
-32
34
-15
45
-21
40
-7
51
-34
15
-17
49
-26
44
-22
49
-29
27
-17
46
-15
42
-11
51
-7
46
-28
25
-20
45
-8
49
-27
41
-15
48
-19
40
-18
45
-6
51
-19
40
-32
47
-26
38
-13
51
-17
42
-24
35
-29
31
-15
45
-8
45
-27
40
-22
50
-13
47
-25
34
-8
50
-32
26
-14
48
-9
47
-28
33
-11
49
-21
39
-12
52
-6
45
-26
43
-19
39
-8
50
-23
48
-14
41
-26
44
-22
42
-9
50
-8
46
-26
38
-30
27
-9
49
-16
47
-29
31
-23
47
-17
44
-5
50
-35
16
-23
44
-11
41
-30
32
-15
46
-6
48
-27
42
-12
50
-16
45
-33
26
-11
39
-15
51
-6
45
-25
33
-19
41
-8
49
-26
32
-5
51
-34
34
-26
28
-18
48
-11
44
-35
26
-12
49
-26
36
-10
50
-34
26
-28
34
-13
51
